24
0,0
6.25,0
12.5,0
18.75,0
25,0
31.25,0
37.5,0
43.75,0
50,0
3.125,2.5
9.375,2.5
15.625,2.5
21.875,2.5
28.125,2.5
34.375,2.5
40.625,2.5
46.875,2.5
6.25,5
12.5,5
18.75,5
25,5
31.25,5
37.5,5
43.75,5
4
1,1,1
2,1,1
8,1,1
9,1,1
3
200e9,250e6
160e9,250e6
160e9,210e6
3
0.015,0.000028
0.0144,0.00001728
0.0254,0.00005153
51
1,2,1,1
2,3,1,1
3,4,1,1
4,5,1,1
5,6,1,1
6,7,1,1
7,8,1,1
8,9,1,1
1,10,3,3
2,10,3,3
2,18,3,2
2,11,3,3
3,11,3,3
3,19,2,2
3,12,3,3
4,12,3,3
4,20,2,2
4,13,3,3
5,13,3,3
5,21,2,2
5,14,3,3
6,14,3,3
6,22,2,2
6,15,3,3
7,15,3,3
7,23,2,2
7,16,3,3
8,16,3,3
8,24,2,2
8,17,3,3
9,17,3,3
10,18,3,3
11,18,3,3
11,19,3,3
12,19,3,3
12,20,3,3
13,20,3,3
13,21,3,3
14,21,3,3
14,22,3,3
15,22,3,3
15,23,3,3
16,23,3,3
16,24,3,3
17,24,3,3
18,19,1,1
19,20,1,1
20,21,1,1
21,22,1,1
22,23,1,1
23,24,1,1
9
1,0,-125e3
2,0,-250e3
3,0,-250e3
4,0,-250e3
5,0,-250e3
6,0,-250e3
7,0,-250e3
8,0,-250e3
9,0,-125e3